%YAML:1.0
---
nb_camera: 7
camera_0:
   camera_matrix: !!opencv-matrix
      rows: 3
      cols: 3
      dt: d
      data: [ 1058.6878411892803, 0., 968.70397476699441, 0.,
          1060.4756284550801, 603.32015321912627, 0., 0., 1. ]
   distortion_vector: !!opencv-matrix
      rows: 1
      cols: 4
      dt: d
      data: [ -0.051213778992157177, 0.049222933266660725,
          -0.069804642142509962, 0.032200256736862623 ]
   distortion_type: 1
   camera_group: 0
   img_width: 1920
   img_height: 1200
   camera_pose_matrix: !!opencv-matrix
      rows: 4
      cols: 4
      dt: d
      data: [ 1., 0., 0., 0., 0., 1., 0., 0., 0., 0., 1., 0., 0., 0., 0.,
          1. ]
camera_1:
   camera_matrix: !!opencv-matrix
      rows: 3
      cols: 3
      dt: d
      data: [ 1059.3019768791614, 0., 977.97409203273548, 0.,
          1059.0571289379154, 595.58827869196728, 0., 0., 1. ]
   distortion_vector: !!opencv-matrix
      rows: 1
      cols: 4
      dt: d
      data: [ -0.040992152251774397, -0.0080245527026203672,
          0.016935386256718768, -0.0090108028046245164 ]
   distortion_type: 1
   camera_group: 0
   img_width: 1920
   img_height: 1200
   camera_pose_matrix: !!opencv-matrix
      rows: 4
      cols: 4
      dt: d
      data: [ 0.53435696555815282, -0.41517242566366408,
          0.73627066376980699, 1.2036788839282277, 0.57834416893505602,
          0.81482495191616211, 0.039728075634788806, 0.36563728029134707,
          -0.61642570973175859, 0.40458887120554055, 0.67551994025219142,
          -0.44115489184698253, 0., 0., 0., 1. ]
camera_2:
   camera_matrix: !!opencv-matrix
      rows: 3
      cols: 3
      dt: d
      data: [ 1051.4233640603791, 0., 972.40259712985767, 0.,
          1053.841220525152, 595.34386075529585, 0., 0., 1. ]
   distortion_vector: !!opencv-matrix
      rows: 1
      cols: 4
      dt: d
      data: [ 0.0060311481705061683, -0.15289483969393572,
          0.21661038593880819, -0.10977056301996456 ]
   distortion_type: 1
   camera_group: 0
   img_width: 1920
   img_height: 1200
   camera_pose_matrix: !!opencv-matrix
      rows: 4
      cols: 4
      dt: d
      data: [ 0.54564956516342178, 0.5244296819846046,
          -0.65363603074684862, -0.70925430163460113,
          -0.56396721078169543, 0.80672333427504339, 0.17646089396597592,
          0.63005363667639047, 0.61984476863169835, 0.27234347906583523,
          0.7359493815543523, -1.809042835763067, 0., 0., 0., 1. ]
camera_3:
   camera_matrix: !!opencv-matrix
      rows: 3
      cols: 3
      dt: d
      data: [ 1057.9722214291282, 0., 988.71002077538594, 0.,
          1057.7976099084919, 581.98355309738713, 0., 0., 1. ]
   distortion_vector: !!opencv-matrix
      rows: 1
      cols: 4
      dt: d
      data: [ -0.036798174518969176, -0.014089534451955061,
          0.01592332648905646, -0.0059563686459545313 ]
   distortion_type: 1
   camera_group: 0
   img_width: 1920
   img_height: 1200
   camera_pose_matrix: !!opencv-matrix
      rows: 4
      cols: 4
      dt: d
      data: [ -0.0015956619454175014, 0.64042504951285084,
          -0.76801901657408123, -1.0886207553722853,
          -0.67265349175725131, 0.5676142619532214, 0.47471183854426618,
          1.2843361044112869, 0.73995589996278399, 0.51736815285033011,
          0.42987842528615444, -2.6718594728535781, 0., 0., 0., 1. ]
camera_4:
   camera_matrix: !!opencv-matrix
      rows: 3
      cols: 3
      dt: d
      data: [ 1063.3749713336533, 0., 985.57781550100367, 0.,
          1060.4728910897343, 589.73784318693345, 0., 0., 1. ]
   distortion_vector: !!opencv-matrix
      rows: 1
      cols: 4
      dt: d
      data: [ -0.053803614956181058, -0.00046100754140282344,
          0.035080761480493383, -0.029758800713336059 ]
   distortion_type: 1
   camera_group: 0
   img_width: 1920
   img_height: 1200
   camera_pose_matrix: !!opencv-matrix
      rows: 4
      cols: 4
      dt: d
      data: [ -0.10800593507991631, -0.42423408059907269,
          0.89908851780332089, 0.52987332056634151, 0.66841957441418842,
          0.6384609380457279, 0.38155327692174856, 0.96008983778861356,
          -0.73590080209731279, 0.64217838288751905, 0.21460879298039726,
          -2.1425131842475627, 0., 0., 0., 1. ]
camera_5:
   camera_matrix: !!opencv-matrix
      rows: 3
      cols: 3
      dt: d
      data: [ 1064.2531868680696, 0., 964.70829455015291, 0.,
          1066.156913839355, 614.49161852401733, 0., 0., 1. ]
   distortion_vector: !!opencv-matrix
      rows: 1
      cols: 4
      dt: d
      data: [ -0.066733007475114153, 0.04766601367629595,
          -0.029560541154057297, 0.0034293598053808335 ]
   distortion_type: 1
   camera_group: 0
   img_width: 1920
   img_height: 1200
   camera_pose_matrix: !!opencv-matrix
      rows: 4
      cols: 4
      dt: d
      data: [ -0.83556794241510424, -0.40446618148391378,
          0.37179742016857914, 0.010428848363671984, 0.22237513851410648,
          0.36983585919168227, 0.90209242044636528, 1.5847928767182129,
          -0.50236989497682005, 0.83643801042980592,
          -0.21907976476435911, -3.0429730008109779, 0., 0., 0., 1. ]
camera_6:
   camera_matrix: !!opencv-matrix
      rows: 3
      cols: 3
      dt: d
      data: [ 1048.4798152693438, 0., 964.29491732788995, 0.,
          1051.9285680093055, 582.62549842471628, 0., 0., 1. ]
   distortion_vector: !!opencv-matrix
      rows: 1
      cols: 4
      dt: d
      data: [ 0.032287084122222739, -0.21870960522285271,
          0.28235558001702998, -0.13184462149552489 ]
   distortion_type: 1
   camera_group: 0
   img_width: 1920
   img_height: 1200
   camera_pose_matrix: !!opencv-matrix
      rows: 4
      cols: 4
      dt: d
      data: [ -0.91740076153119288, 0.14590254150825957,
          -0.37025436003296147, -0.75817288513360637,
          -0.30756679384546831, 0.33046321735797268, 0.89229856510981598,
          1.786036815082682, 0.25254407549100499, 0.93247332956757956,
          -0.25829243035665167, -3.3075782027121816, 0., 0., 0., 1. ]
